%YAML:1.0
---
model_type: PINHOLE
camera_name: camera
image_width: 424
image_height: 240
distortion_parameters:
   k1: 0.001815924628024654
   k2: -0.003536889067424245
   p1: 0.00022630014917458902
   p2: 0.00034350765436546427
projection_parameters:
   fx: 212.13644650672174
   fy: 211.83442736930851
   cx: 212.85792707084315
   cy: 119.22672412378104
