%YAML:1.0
---
model_type: PINHOLE
camera_name: camera
image_width: 640
image_height: 480
distortion_parameters:
   k1: 0.016044589295526917
   k2: -0.010134661014373483
   p1: 0.0010300127678182932
   p2: 0.0022443640905191555
projection_parameters:
   fx: 391.0415611383679
   fy: 391.17001132747123
   cx: 324.6346406101073
   cy: 240.2848956050256


