%YAML:1.0
---
model_type: PINHOLE
camera_name: camera
image_width: 424
image_height: 240
distortion_parameters:
   k1: 0.001687034338163458
   k2: -0.0060354459916252545
   p1: 0.00012577252164840973
   p2: 0.0007483892489335807
projection_parameters:
   fx: 212.30128379180204
   fy: 211.9969285584328
   cx: 213.30176616322916
   cy: 119.8292890140387
