%YAML:1.0
---
model_type: PINHOLE
camera_name: camera
image_width: 424
image_height: 240
distortion_parameters:
   k1: 0.0
   k2: 0.0
   p1: 0.0
   p2: 0.0
projection_parameters:
   fx: 216.78108367501295
   fy: 216.8120449213206
   cx: 212.33793870445015
   cy: 120.15070817394069
