%YAML:1.0
---
model_type: PINHOLE
camera_name: camera
image_width: 640
image_height: 480
distortion_parameters:
   k1: 0.011365604665464877
   k2: -0.004294831390713466
   p1: 0.0012924022162264066
   p2: 0.0007681512524954637
projection_parameters:
   fx: 391.2319028247877
   fy: 391.25373686986
   cx: 322.2129198333143
   cy: 241.39265408289555


